11 10
13 10
16 10
17 13
19 13
22 13
23 13
26 13
27 13
28 13
31 13
34 13
37 13
39 13
40 13
43 13
46 13
49 13
52 13
55 13
58 13
59 11
62 11
64 11
65 11
66 11
68 11
69 11
70 11
71 11
73 11
74 12
75 12
77 13
78 13
79 14
83 17
86 18
87 19
89 20
91 21
94 23
95 23
97 24
98 24
99 25
100 26
102 27
100 30
96 32
88 36
84 38
79 40
75 42
71 44
69 46
68 47
66 50
63 51
62 52
60 54
58 55
53 57
51 60
49 61
47 64
45 65
43 66
41 69
40 69
40 70
39 71
39 72
39 73
38 73
38 76
38 77
39 80
41 80
42 81
43 81
46 82
48 82
51 84
56 84
58 84
61 84
65 85
69 86
72 86
75 86
78 86
81 86
85 87
89 87
91 87
93 88
95 89
96 89
98 90
100 91
101 92
103 93
105 93
108 95
111 95
112 97
112 99
106 102
98 106
91 109
83 115
76 119
71 123
70 124
65 127
60 132
58 133
56 135
55 135
54 136
54 138
55 139
55 140
58 141
61 143
67 145
70 146
73 146
75 148
77 149
79 149
80 150
83 150
83 151
84 152
85 152
87 152
90 153
94 154
96 155
101 158
104 158
110 160
113 160
118 162
121 163
122 163
124 163
125 163
126 164
126 165
126 168
126 171
126 172
126 176
127 179
127 180
127 183
127 184
127 186
127 187
128 187
128 188
128 189
129 190
131 190
133 192
134 192
136 192
144 192
154 192
169 192
180 192
190 192
198 192
204 192
207 192
208 192
210 192
211 192
213 190
214 189
214 187
216 186
218 184
219 181
221 179
223 173
225 170
227 165
228 161
230 155
232 149
232 141
232 136
234 130
234 125
234 119
234 116
234 113
234 112
234 109
234 108
234 107
234 106
233 105
232 103
230 102
226 98
225 97
222 94
221 92
219 91
219 90
218 90
217 88
212 87
210 85
209 85
207 84
206 82
203 82
199 80
198 79
197 79
195 79
192 77
189 76
186 75
179 75
175 75
172 75
169 75
168 75
167 75
164 75
163 75
162 75
161 77
160 77
